{
 "cells": [
  {
   "cell_type": "markdown",
   "id": "fea99c85",
   "metadata": {},
   "source": [
    "## Logistic Regression For Multiclass Classification"
   ]
  },
  {
   "cell_type": "code",
   "execution_count": 1,
   "id": "5142e6e7",
   "metadata": {},
   "outputs": [],
   "source": [
    "# make a prediction with a multinomial logistic regression model\n",
    "from sklearn.datasets import make_classification\n",
    "from sklearn.linear_model import LogisticRegression\n",
    "# define dataset\n",
    "X, y = make_classification(n_samples=1000, n_features=10, n_informative=5, n_redundant=5, n_classes=3, random_state=1)"
   ]
  },
  {
   "cell_type": "code",
   "execution_count": 2,
   "id": "6fa4f360",
   "metadata": {},
   "outputs": [],
   "source": [
    "# define the multinomial logistic regression model For multiclass classification\n",
    "model = LogisticRegression(multi_class='ovr', solver='lbfgs')"
   ]
  },
  {
   "cell_type": "code",
   "execution_count": 3,
   "id": "c5c9b062",
   "metadata": {},
   "outputs": [],
   "source": [
    "# Train test split\n",
    "from sklearn.model_selection import train_test_split\n",
    "X_train, X_test, y_train, y_test = train_test_split(X, y, test_size=0.20, random_state=42)"
   ]
  },
  {
   "cell_type": "code",
   "execution_count": 4,
   "id": "0f013037",
   "metadata": {},
   "outputs": [
    {
     "name": "stderr",
     "output_type": "stream",
     "text": [
      "C:\\Users\\abhishek.anand\\AppData\\Roaming\\Python\\Python313\\site-packages\\sklearn\\linear_model\\_logistic.py:1281: FutureWarning: 'multi_class' was deprecated in version 1.5 and will be removed in 1.8. Use OneVsRestClassifier(LogisticRegression(..)) instead. Leave it to its default value to avoid this warning.\n",
      "  warnings.warn(\n"
     ]
    },
    {
     "data": {
      "text/html": [
       "<style>#sk-container-id-1 {\n",
       "  /* Definition of color scheme common for light and dark mode */\n",
       "  --sklearn-color-text: #000;\n",
       "  --sklearn-color-text-muted: #666;\n",
       "  --sklearn-color-line: gray;\n",
       "  /* Definition of color scheme for unfitted estimators */\n",
       "  --sklearn-color-unfitted-level-0: #fff5e6;\n",
       "  --sklearn-color-unfitted-level-1: #f6e4d2;\n",
       "  --sklearn-color-unfitted-level-2: #ffe0b3;\n",
       "  --sklearn-color-unfitted-level-3: chocolate;\n",
       "  /* Definition of color scheme for fitted estimators */\n",
       "  --sklearn-color-fitted-level-0: #f0f8ff;\n",
       "  --sklearn-color-fitted-level-1: #d4ebff;\n",
       "  --sklearn-color-fitted-level-2: #b3dbfd;\n",
       "  --sklearn-color-fitted-level-3: cornflowerblue;\n",
       "\n",
       "  /* Specific color for light theme */\n",
       "  --sklearn-color-text-on-default-background: var(--sg-text-color, var(--theme-code-foreground, var(--jp-content-font-color1, black)));\n",
       "  --sklearn-color-background: var(--sg-background-color, var(--theme-background, var(--jp-layout-color0, white)));\n",
       "  --sklearn-color-border-box: var(--sg-text-color, var(--theme-code-foreground, var(--jp-content-font-color1, black)));\n",
       "  --sklearn-color-icon: #696969;\n",
       "\n",
       "  @media (prefers-color-scheme: dark) {\n",
       "    /* Redefinition of color scheme for dark theme */\n",
       "    --sklearn-color-text-on-default-background: var(--sg-text-color, var(--theme-code-foreground, var(--jp-content-font-color1, white)));\n",
       "    --sklearn-color-background: var(--sg-background-color, var(--theme-background, var(--jp-layout-color0, #111)));\n",
       "    --sklearn-color-border-box: var(--sg-text-color, var(--theme-code-foreground, var(--jp-content-font-color1, white)));\n",
       "    --sklearn-color-icon: #878787;\n",
       "  }\n",
       "}\n",
       "\n",
       "#sk-container-id-1 {\n",
       "  color: var(--sklearn-color-text);\n",
       "}\n",
       "\n",
       "#sk-container-id-1 pre {\n",
       "  padding: 0;\n",
       "}\n",
       "\n",
       "#sk-container-id-1 input.sk-hidden--visually {\n",
       "  border: 0;\n",
       "  clip: rect(1px 1px 1px 1px);\n",
       "  clip: rect(1px, 1px, 1px, 1px);\n",
       "  height: 1px;\n",
       "  margin: -1px;\n",
       "  overflow: hidden;\n",
       "  padding: 0;\n",
       "  position: absolute;\n",
       "  width: 1px;\n",
       "}\n",
       "\n",
       "#sk-container-id-1 div.sk-dashed-wrapped {\n",
       "  border: 1px dashed var(--sklearn-color-line);\n",
       "  margin: 0 0.4em 0.5em 0.4em;\n",
       "  box-sizing: border-box;\n",
       "  padding-bottom: 0.4em;\n",
       "  background-color: var(--sklearn-color-background);\n",
       "}\n",
       "\n",
       "#sk-container-id-1 div.sk-container {\n",
       "  /* jupyter's `normalize.less` sets `[hidden] { display: none; }`\n",
       "     but bootstrap.min.css set `[hidden] { display: none !important; }`\n",
       "     so we also need the `!important` here to be able to override the\n",
       "     default hidden behavior on the sphinx rendered scikit-learn.org.\n",
       "     See: https://github.com/scikit-learn/scikit-learn/issues/21755 */\n",
       "  display: inline-block !important;\n",
       "  position: relative;\n",
       "}\n",
       "\n",
       "#sk-container-id-1 div.sk-text-repr-fallback {\n",
       "  display: none;\n",
       "}\n",
       "\n",
       "div.sk-parallel-item,\n",
       "div.sk-serial,\n",
       "div.sk-item {\n",
       "  /* draw centered vertical line to link estimators */\n",
       "  background-image: linear-gradient(var(--sklearn-color-text-on-default-background), var(--sklearn-color-text-on-default-background));\n",
       "  background-size: 2px 100%;\n",
       "  background-repeat: no-repeat;\n",
       "  background-position: center center;\n",
       "}\n",
       "\n",
       "/* Parallel-specific style estimator block */\n",
       "\n",
       "#sk-container-id-1 div.sk-parallel-item::after {\n",
       "  content: \"\";\n",
       "  width: 100%;\n",
       "  border-bottom: 2px solid var(--sklearn-color-text-on-default-background);\n",
       "  flex-grow: 1;\n",
       "}\n",
       "\n",
       "#sk-container-id-1 div.sk-parallel {\n",
       "  display: flex;\n",
       "  align-items: stretch;\n",
       "  justify-content: center;\n",
       "  background-color: var(--sklearn-color-background);\n",
       "  position: relative;\n",
       "}\n",
       "\n",
       "#sk-container-id-1 div.sk-parallel-item {\n",
       "  display: flex;\n",
       "  flex-direction: column;\n",
       "}\n",
       "\n",
       "#sk-container-id-1 div.sk-parallel-item:first-child::after {\n",
       "  align-self: flex-end;\n",
       "  width: 50%;\n",
       "}\n",
       "\n",
       "#sk-container-id-1 div.sk-parallel-item:last-child::after {\n",
       "  align-self: flex-start;\n",
       "  width: 50%;\n",
       "}\n",
       "\n",
       "#sk-container-id-1 div.sk-parallel-item:only-child::after {\n",
       "  width: 0;\n",
       "}\n",
       "\n",
       "/* Serial-specific style estimator block */\n",
       "\n",
       "#sk-container-id-1 div.sk-serial {\n",
       "  display: flex;\n",
       "  flex-direction: column;\n",
       "  align-items: center;\n",
       "  background-color: var(--sklearn-color-background);\n",
       "  padding-right: 1em;\n",
       "  padding-left: 1em;\n",
       "}\n",
       "\n",
       "\n",
       "/* Toggleable style: style used for estimator/Pipeline/ColumnTransformer box that is\n",
       "clickable and can be expanded/collapsed.\n",
       "- Pipeline and ColumnTransformer use this feature and define the default style\n",
       "- Estimators will overwrite some part of the style using the `sk-estimator` class\n",
       "*/\n",
       "\n",
       "/* Pipeline and ColumnTransformer style (default) */\n",
       "\n",
       "#sk-container-id-1 div.sk-toggleable {\n",
       "  /* Default theme specific background. It is overwritten whether we have a\n",
       "  specific estimator or a Pipeline/ColumnTransformer */\n",
       "  background-color: var(--sklearn-color-background);\n",
       "}\n",
       "\n",
       "/* Toggleable label */\n",
       "#sk-container-id-1 label.sk-toggleable__label {\n",
       "  cursor: pointer;\n",
       "  display: flex;\n",
       "  width: 100%;\n",
       "  margin-bottom: 0;\n",
       "  padding: 0.5em;\n",
       "  box-sizing: border-box;\n",
       "  text-align: center;\n",
       "  align-items: start;\n",
       "  justify-content: space-between;\n",
       "  gap: 0.5em;\n",
       "}\n",
       "\n",
       "#sk-container-id-1 label.sk-toggleable__label .caption {\n",
       "  font-size: 0.6rem;\n",
       "  font-weight: lighter;\n",
       "  color: var(--sklearn-color-text-muted);\n",
       "}\n",
       "\n",
       "#sk-container-id-1 label.sk-toggleable__label-arrow:before {\n",
       "  /* Arrow on the left of the label */\n",
       "  content: \"▸\";\n",
       "  float: left;\n",
       "  margin-right: 0.25em;\n",
       "  color: var(--sklearn-color-icon);\n",
       "}\n",
       "\n",
       "#sk-container-id-1 label.sk-toggleable__label-arrow:hover:before {\n",
       "  color: var(--sklearn-color-text);\n",
       "}\n",
       "\n",
       "/* Toggleable content - dropdown */\n",
       "\n",
       "#sk-container-id-1 div.sk-toggleable__content {\n",
       "  display: none;\n",
       "  text-align: left;\n",
       "  /* unfitted */\n",
       "  background-color: var(--sklearn-color-unfitted-level-0);\n",
       "}\n",
       "\n",
       "#sk-container-id-1 div.sk-toggleable__content.fitted {\n",
       "  /* fitted */\n",
       "  background-color: var(--sklearn-color-fitted-level-0);\n",
       "}\n",
       "\n",
       "#sk-container-id-1 div.sk-toggleable__content pre {\n",
       "  margin: 0.2em;\n",
       "  border-radius: 0.25em;\n",
       "  color: var(--sklearn-color-text);\n",
       "  /* unfitted */\n",
       "  background-color: var(--sklearn-color-unfitted-level-0);\n",
       "}\n",
       "\n",
       "#sk-container-id-1 div.sk-toggleable__content.fitted pre {\n",
       "  /* unfitted */\n",
       "  background-color: var(--sklearn-color-fitted-level-0);\n",
       "}\n",
       "\n",
       "#sk-container-id-1 input.sk-toggleable__control:checked~div.sk-toggleable__content {\n",
       "  /* Expand drop-down */\n",
       "  display: block;\n",
       "  width: 100%;\n",
       "  overflow: visible;\n",
       "}\n",
       "\n",
       "#sk-container-id-1 input.sk-toggleable__control:checked~label.sk-toggleable__label-arrow:before {\n",
       "  content: \"▾\";\n",
       "}\n",
       "\n",
       "/* Pipeline/ColumnTransformer-specific style */\n",
       "\n",
       "#sk-container-id-1 div.sk-label input.sk-toggleable__control:checked~label.sk-toggleable__label {\n",
       "  color: var(--sklearn-color-text);\n",
       "  background-color: var(--sklearn-color-unfitted-level-2);\n",
       "}\n",
       "\n",
       "#sk-container-id-1 div.sk-label.fitted input.sk-toggleable__control:checked~label.sk-toggleable__label {\n",
       "  background-color: var(--sklearn-color-fitted-level-2);\n",
       "}\n",
       "\n",
       "/* Estimator-specific style */\n",
       "\n",
       "/* Colorize estimator box */\n",
       "#sk-container-id-1 div.sk-estimator input.sk-toggleable__control:checked~label.sk-toggleable__label {\n",
       "  /* unfitted */\n",
       "  background-color: var(--sklearn-color-unfitted-level-2);\n",
       "}\n",
       "\n",
       "#sk-container-id-1 div.sk-estimator.fitted input.sk-toggleable__control:checked~label.sk-toggleable__label {\n",
       "  /* fitted */\n",
       "  background-color: var(--sklearn-color-fitted-level-2);\n",
       "}\n",
       "\n",
       "#sk-container-id-1 div.sk-label label.sk-toggleable__label,\n",
       "#sk-container-id-1 div.sk-label label {\n",
       "  /* The background is the default theme color */\n",
       "  color: var(--sklearn-color-text-on-default-background);\n",
       "}\n",
       "\n",
       "/* On hover, darken the color of the background */\n",
       "#sk-container-id-1 div.sk-label:hover label.sk-toggleable__label {\n",
       "  color: var(--sklearn-color-text);\n",
       "  background-color: var(--sklearn-color-unfitted-level-2);\n",
       "}\n",
       "\n",
       "/* Label box, darken color on hover, fitted */\n",
       "#sk-container-id-1 div.sk-label.fitted:hover label.sk-toggleable__label.fitted {\n",
       "  color: var(--sklearn-color-text);\n",
       "  background-color: var(--sklearn-color-fitted-level-2);\n",
       "}\n",
       "\n",
       "/* Estimator label */\n",
       "\n",
       "#sk-container-id-1 div.sk-label label {\n",
       "  font-family: monospace;\n",
       "  font-weight: bold;\n",
       "  display: inline-block;\n",
       "  line-height: 1.2em;\n",
       "}\n",
       "\n",
       "#sk-container-id-1 div.sk-label-container {\n",
       "  text-align: center;\n",
       "}\n",
       "\n",
       "/* Estimator-specific */\n",
       "#sk-container-id-1 div.sk-estimator {\n",
       "  font-family: monospace;\n",
       "  border: 1px dotted var(--sklearn-color-border-box);\n",
       "  border-radius: 0.25em;\n",
       "  box-sizing: border-box;\n",
       "  margin-bottom: 0.5em;\n",
       "  /* unfitted */\n",
       "  background-color: var(--sklearn-color-unfitted-level-0);\n",
       "}\n",
       "\n",
       "#sk-container-id-1 div.sk-estimator.fitted {\n",
       "  /* fitted */\n",
       "  background-color: var(--sklearn-color-fitted-level-0);\n",
       "}\n",
       "\n",
       "/* on hover */\n",
       "#sk-container-id-1 div.sk-estimator:hover {\n",
       "  /* unfitted */\n",
       "  background-color: var(--sklearn-color-unfitted-level-2);\n",
       "}\n",
       "\n",
       "#sk-container-id-1 div.sk-estimator.fitted:hover {\n",
       "  /* fitted */\n",
       "  background-color: var(--sklearn-color-fitted-level-2);\n",
       "}\n",
       "\n",
       "/* Specification for estimator info (e.g. \"i\" and \"?\") */\n",
       "\n",
       "/* Common style for \"i\" and \"?\" */\n",
       "\n",
       ".sk-estimator-doc-link,\n",
       "a:link.sk-estimator-doc-link,\n",
       "a:visited.sk-estimator-doc-link {\n",
       "  float: right;\n",
       "  font-size: smaller;\n",
       "  line-height: 1em;\n",
       "  font-family: monospace;\n",
       "  background-color: var(--sklearn-color-background);\n",
       "  border-radius: 1em;\n",
       "  height: 1em;\n",
       "  width: 1em;\n",
       "  text-decoration: none !important;\n",
       "  margin-left: 0.5em;\n",
       "  text-align: center;\n",
       "  /* unfitted */\n",
       "  border: var(--sklearn-color-unfitted-level-1) 1pt solid;\n",
       "  color: var(--sklearn-color-unfitted-level-1);\n",
       "}\n",
       "\n",
       ".sk-estimator-doc-link.fitted,\n",
       "a:link.sk-estimator-doc-link.fitted,\n",
       "a:visited.sk-estimator-doc-link.fitted {\n",
       "  /* fitted */\n",
       "  border: var(--sklearn-color-fitted-level-1) 1pt solid;\n",
       "  color: var(--sklearn-color-fitted-level-1);\n",
       "}\n",
       "\n",
       "/* On hover */\n",
       "div.sk-estimator:hover .sk-estimator-doc-link:hover,\n",
       ".sk-estimator-doc-link:hover,\n",
       "div.sk-label-container:hover .sk-estimator-doc-link:hover,\n",
       ".sk-estimator-doc-link:hover {\n",
       "  /* unfitted */\n",
       "  background-color: var(--sklearn-color-unfitted-level-3);\n",
       "  color: var(--sklearn-color-background);\n",
       "  text-decoration: none;\n",
       "}\n",
       "\n",
       "div.sk-estimator.fitted:hover .sk-estimator-doc-link.fitted:hover,\n",
       ".sk-estimator-doc-link.fitted:hover,\n",
       "div.sk-label-container:hover .sk-estimator-doc-link.fitted:hover,\n",
       ".sk-estimator-doc-link.fitted:hover {\n",
       "  /* fitted */\n",
       "  background-color: var(--sklearn-color-fitted-level-3);\n",
       "  color: var(--sklearn-color-background);\n",
       "  text-decoration: none;\n",
       "}\n",
       "\n",
       "/* Span, style for the box shown on hovering the info icon */\n",
       ".sk-estimator-doc-link span {\n",
       "  display: none;\n",
       "  z-index: 9999;\n",
       "  position: relative;\n",
       "  font-weight: normal;\n",
       "  right: .2ex;\n",
       "  padding: .5ex;\n",
       "  margin: .5ex;\n",
       "  width: min-content;\n",
       "  min-width: 20ex;\n",
       "  max-width: 50ex;\n",
       "  color: var(--sklearn-color-text);\n",
       "  box-shadow: 2pt 2pt 4pt #999;\n",
       "  /* unfitted */\n",
       "  background: var(--sklearn-color-unfitted-level-0);\n",
       "  border: .5pt solid var(--sklearn-color-unfitted-level-3);\n",
       "}\n",
       "\n",
       ".sk-estimator-doc-link.fitted span {\n",
       "  /* fitted */\n",
       "  background: var(--sklearn-color-fitted-level-0);\n",
       "  border: var(--sklearn-color-fitted-level-3);\n",
       "}\n",
       "\n",
       ".sk-estimator-doc-link:hover span {\n",
       "  display: block;\n",
       "}\n",
       "\n",
       "/* \"?\"-specific style due to the `<a>` HTML tag */\n",
       "\n",
       "#sk-container-id-1 a.estimator_doc_link {\n",
       "  float: right;\n",
       "  font-size: 1rem;\n",
       "  line-height: 1em;\n",
       "  font-family: monospace;\n",
       "  background-color: var(--sklearn-color-background);\n",
       "  border-radius: 1rem;\n",
       "  height: 1rem;\n",
       "  width: 1rem;\n",
       "  text-decoration: none;\n",
       "  /* unfitted */\n",
       "  color: var(--sklearn-color-unfitted-level-1);\n",
       "  border: var(--sklearn-color-unfitted-level-1) 1pt solid;\n",
       "}\n",
       "\n",
       "#sk-container-id-1 a.estimator_doc_link.fitted {\n",
       "  /* fitted */\n",
       "  border: var(--sklearn-color-fitted-level-1) 1pt solid;\n",
       "  color: var(--sklearn-color-fitted-level-1);\n",
       "}\n",
       "\n",
       "/* On hover */\n",
       "#sk-container-id-1 a.estimator_doc_link:hover {\n",
       "  /* unfitted */\n",
       "  background-color: var(--sklearn-color-unfitted-level-3);\n",
       "  color: var(--sklearn-color-background);\n",
       "  text-decoration: none;\n",
       "}\n",
       "\n",
       "#sk-container-id-1 a.estimator_doc_link.fitted:hover {\n",
       "  /* fitted */\n",
       "  background-color: var(--sklearn-color-fitted-level-3);\n",
       "}\n",
       "\n",
       ".estimator-table summary {\n",
       "    padding: .5rem;\n",
       "    font-family: monospace;\n",
       "    cursor: pointer;\n",
       "}\n",
       "\n",
       ".estimator-table details[open] {\n",
       "    padding-left: 0.1rem;\n",
       "    padding-right: 0.1rem;\n",
       "    padding-bottom: 0.3rem;\n",
       "}\n",
       "\n",
       ".estimator-table .parameters-table {\n",
       "    margin-left: auto !important;\n",
       "    margin-right: auto !important;\n",
       "}\n",
       "\n",
       ".estimator-table .parameters-table tr:nth-child(odd) {\n",
       "    background-color: #fff;\n",
       "}\n",
       "\n",
       ".estimator-table .parameters-table tr:nth-child(even) {\n",
       "    background-color: #f6f6f6;\n",
       "}\n",
       "\n",
       ".estimator-table .parameters-table tr:hover {\n",
       "    background-color: #e0e0e0;\n",
       "}\n",
       "\n",
       ".estimator-table table td {\n",
       "    border: 1px solid rgba(106, 105, 104, 0.232);\n",
       "}\n",
       "\n",
       ".user-set td {\n",
       "    color:rgb(255, 94, 0);\n",
       "    text-align: left;\n",
       "}\n",
       "\n",
       ".user-set td.value pre {\n",
       "    color:rgb(255, 94, 0) !important;\n",
       "    background-color: transparent !important;\n",
       "}\n",
       "\n",
       ".default td {\n",
       "    color: black;\n",
       "    text-align: left;\n",
       "}\n",
       "\n",
       ".user-set td i,\n",
       ".default td i {\n",
       "    color: black;\n",
       "}\n",
       "\n",
       ".copy-paste-icon {\n",
       "    background-image: url(data:image/svg+xml;base64,PHN2ZyB4bWxucz0iaHR0cDovL3d3dy53My5vcmcvMjAwMC9zdmciIHZpZXdCb3g9IjAgMCA0NDggNTEyIj48IS0tIUZvbnQgQXdlc29tZSBGcmVlIDYuNy4yIGJ5IEBmb250YXdlc29tZSAtIGh0dHBzOi8vZm9udGF3ZXNvbWUuY29tIExpY2Vuc2UgLSBodHRwczovL2ZvbnRhd2Vzb21lLmNvbS9saWNlbnNlL2ZyZWUgQ29weXJpZ2h0IDIwMjUgRm9udGljb25zLCBJbmMuLS0+PHBhdGggZD0iTTIwOCAwTDMzMi4xIDBjMTIuNyAwIDI0LjkgNS4xIDMzLjkgMTQuMWw2Ny45IDY3LjljOSA5IDE0LjEgMjEuMiAxNC4xIDMzLjlMNDQ4IDMzNmMwIDI2LjUtMjEuNSA0OC00OCA0OGwtMTkyIDBjLTI2LjUgMC00OC0yMS41LTQ4LTQ4bDAtMjg4YzAtMjYuNSAyMS41LTQ4IDQ4LTQ4ek00OCAxMjhsODAgMCAwIDY0LTY0IDAgMCAyNTYgMTkyIDAgMC0zMiA2NCAwIDAgNDhjMCAyNi41LTIxLjUgNDgtNDggNDhMNDggNTEyYy0yNi41IDAtNDgtMjEuNS00OC00OEwwIDE3NmMwLTI2LjUgMjEuNS00OCA0OC00OHoiLz48L3N2Zz4=);\n",
       "    background-repeat: no-repeat;\n",
       "    background-size: 14px 14px;\n",
       "    background-position: 0;\n",
       "    display: inline-block;\n",
       "    width: 14px;\n",
       "    height: 14px;\n",
       "    cursor: pointer;\n",
       "}\n",
       "</style><body><div id=\"sk-container-id-1\" class=\"sk-top-container\"><div class=\"sk-text-repr-fallback\"><pre>LogisticRegression(multi_class=&#x27;ovr&#x27;)</pre><b>In a Jupyter environment, please rerun this cell to show the HTML representation or trust the notebook. <br />On GitHub, the HTML representation is unable to render, please try loading this page with nbviewer.org.</b></div><div class=\"sk-container\" hidden><div class=\"sk-item\"><div class=\"sk-estimator fitted sk-toggleable\"><input class=\"sk-toggleable__control sk-hidden--visually\" id=\"sk-estimator-id-1\" type=\"checkbox\" checked><label for=\"sk-estimator-id-1\" class=\"sk-toggleable__label fitted sk-toggleable__label-arrow\"><div><div>LogisticRegression</div></div><div><a class=\"sk-estimator-doc-link fitted\" rel=\"noreferrer\" target=\"_blank\" href=\"https://scikit-learn.org/1.7/modules/generated/sklearn.linear_model.LogisticRegression.html\">?<span>Documentation for LogisticRegression</span></a><span class=\"sk-estimator-doc-link fitted\">i<span>Fitted</span></span></div></label><div class=\"sk-toggleable__content fitted\" data-param-prefix=\"\">\n",
       "        <div class=\"estimator-table\">\n",
       "            <details>\n",
       "                <summary>Parameters</summary>\n",
       "                <table class=\"parameters-table\">\n",
       "                  <tbody>\n",
       "                    \n",
       "        <tr class=\"default\">\n",
       "            <td><i class=\"copy-paste-icon\"\n",
       "                 onclick=\"copyToClipboard('penalty',\n",
       "                          this.parentElement.nextElementSibling)\"\n",
       "            ></i></td>\n",
       "            <td class=\"param\">penalty&nbsp;</td>\n",
       "            <td class=\"value\">&#x27;l2&#x27;</td>\n",
       "        </tr>\n",
       "    \n",
       "\n",
       "        <tr class=\"default\">\n",
       "            <td><i class=\"copy-paste-icon\"\n",
       "                 onclick=\"copyToClipboard('dual',\n",
       "                          this.parentElement.nextElementSibling)\"\n",
       "            ></i></td>\n",
       "            <td class=\"param\">dual&nbsp;</td>\n",
       "            <td class=\"value\">False</td>\n",
       "        </tr>\n",
       "    \n",
       "\n",
       "        <tr class=\"default\">\n",
       "            <td><i class=\"copy-paste-icon\"\n",
       "                 onclick=\"copyToClipboard('tol',\n",
       "                          this.parentElement.nextElementSibling)\"\n",
       "            ></i></td>\n",
       "            <td class=\"param\">tol&nbsp;</td>\n",
       "            <td class=\"value\">0.0001</td>\n",
       "        </tr>\n",
       "    \n",
       "\n",
       "        <tr class=\"default\">\n",
       "            <td><i class=\"copy-paste-icon\"\n",
       "                 onclick=\"copyToClipboard('C',\n",
       "                          this.parentElement.nextElementSibling)\"\n",
       "            ></i></td>\n",
       "            <td class=\"param\">C&nbsp;</td>\n",
       "            <td class=\"value\">1.0</td>\n",
       "        </tr>\n",
       "    \n",
       "\n",
       "        <tr class=\"default\">\n",
       "            <td><i class=\"copy-paste-icon\"\n",
       "                 onclick=\"copyToClipboard('fit_intercept',\n",
       "                          this.parentElement.nextElementSibling)\"\n",
       "            ></i></td>\n",
       "            <td class=\"param\">fit_intercept&nbsp;</td>\n",
       "            <td class=\"value\">True</td>\n",
       "        </tr>\n",
       "    \n",
       "\n",
       "        <tr class=\"default\">\n",
       "            <td><i class=\"copy-paste-icon\"\n",
       "                 onclick=\"copyToClipboard('intercept_scaling',\n",
       "                          this.parentElement.nextElementSibling)\"\n",
       "            ></i></td>\n",
       "            <td class=\"param\">intercept_scaling&nbsp;</td>\n",
       "            <td class=\"value\">1</td>\n",
       "        </tr>\n",
       "    \n",
       "\n",
       "        <tr class=\"default\">\n",
       "            <td><i class=\"copy-paste-icon\"\n",
       "                 onclick=\"copyToClipboard('class_weight',\n",
       "                          this.parentElement.nextElementSibling)\"\n",
       "            ></i></td>\n",
       "            <td class=\"param\">class_weight&nbsp;</td>\n",
       "            <td class=\"value\">None</td>\n",
       "        </tr>\n",
       "    \n",
       "\n",
       "        <tr class=\"default\">\n",
       "            <td><i class=\"copy-paste-icon\"\n",
       "                 onclick=\"copyToClipboard('random_state',\n",
       "                          this.parentElement.nextElementSibling)\"\n",
       "            ></i></td>\n",
       "            <td class=\"param\">random_state&nbsp;</td>\n",
       "            <td class=\"value\">None</td>\n",
       "        </tr>\n",
       "    \n",
       "\n",
       "        <tr class=\"default\">\n",
       "            <td><i class=\"copy-paste-icon\"\n",
       "                 onclick=\"copyToClipboard('solver',\n",
       "                          this.parentElement.nextElementSibling)\"\n",
       "            ></i></td>\n",
       "            <td class=\"param\">solver&nbsp;</td>\n",
       "            <td class=\"value\">&#x27;lbfgs&#x27;</td>\n",
       "        </tr>\n",
       "    \n",
       "\n",
       "        <tr class=\"default\">\n",
       "            <td><i class=\"copy-paste-icon\"\n",
       "                 onclick=\"copyToClipboard('max_iter',\n",
       "                          this.parentElement.nextElementSibling)\"\n",
       "            ></i></td>\n",
       "            <td class=\"param\">max_iter&nbsp;</td>\n",
       "            <td class=\"value\">100</td>\n",
       "        </tr>\n",
       "    \n",
       "\n",
       "        <tr class=\"user-set\">\n",
       "            <td><i class=\"copy-paste-icon\"\n",
       "                 onclick=\"copyToClipboard('multi_class',\n",
       "                          this.parentElement.nextElementSibling)\"\n",
       "            ></i></td>\n",
       "            <td class=\"param\">multi_class&nbsp;</td>\n",
       "            <td class=\"value\">&#x27;ovr&#x27;</td>\n",
       "        </tr>\n",
       "    \n",
       "\n",
       "        <tr class=\"default\">\n",
       "            <td><i class=\"copy-paste-icon\"\n",
       "                 onclick=\"copyToClipboard('verbose',\n",
       "                          this.parentElement.nextElementSibling)\"\n",
       "            ></i></td>\n",
       "            <td class=\"param\">verbose&nbsp;</td>\n",
       "            <td class=\"value\">0</td>\n",
       "        </tr>\n",
       "    \n",
       "\n",
       "        <tr class=\"default\">\n",
       "            <td><i class=\"copy-paste-icon\"\n",
       "                 onclick=\"copyToClipboard('warm_start',\n",
       "                          this.parentElement.nextElementSibling)\"\n",
       "            ></i></td>\n",
       "            <td class=\"param\">warm_start&nbsp;</td>\n",
       "            <td class=\"value\">False</td>\n",
       "        </tr>\n",
       "    \n",
       "\n",
       "        <tr class=\"default\">\n",
       "            <td><i class=\"copy-paste-icon\"\n",
       "                 onclick=\"copyToClipboard('n_jobs',\n",
       "                          this.parentElement.nextElementSibling)\"\n",
       "            ></i></td>\n",
       "            <td class=\"param\">n_jobs&nbsp;</td>\n",
       "            <td class=\"value\">None</td>\n",
       "        </tr>\n",
       "    \n",
       "\n",
       "        <tr class=\"default\">\n",
       "            <td><i class=\"copy-paste-icon\"\n",
       "                 onclick=\"copyToClipboard('l1_ratio',\n",
       "                          this.parentElement.nextElementSibling)\"\n",
       "            ></i></td>\n",
       "            <td class=\"param\">l1_ratio&nbsp;</td>\n",
       "            <td class=\"value\">None</td>\n",
       "        </tr>\n",
       "    \n",
       "                  </tbody>\n",
       "                </table>\n",
       "            </details>\n",
       "        </div>\n",
       "    </div></div></div></div></div><script>function copyToClipboard(text, element) {\n",
       "    // Get the parameter prefix from the closest toggleable content\n",
       "    const toggleableContent = element.closest('.sk-toggleable__content');\n",
       "    const paramPrefix = toggleableContent ? toggleableContent.dataset.paramPrefix : '';\n",
       "    const fullParamName = paramPrefix ? `${paramPrefix}${text}` : text;\n",
       "\n",
       "    const originalStyle = element.style;\n",
       "    const computedStyle = window.getComputedStyle(element);\n",
       "    const originalWidth = computedStyle.width;\n",
       "    const originalHTML = element.innerHTML.replace('Copied!', '');\n",
       "\n",
       "    navigator.clipboard.writeText(fullParamName)\n",
       "        .then(() => {\n",
       "            element.style.width = originalWidth;\n",
       "            element.style.color = 'green';\n",
       "            element.innerHTML = \"Copied!\";\n",
       "\n",
       "            setTimeout(() => {\n",
       "                element.innerHTML = originalHTML;\n",
       "                element.style = originalStyle;\n",
       "            }, 2000);\n",
       "        })\n",
       "        .catch(err => {\n",
       "            console.error('Failed to copy:', err);\n",
       "            element.style.color = 'red';\n",
       "            element.innerHTML = \"Failed!\";\n",
       "            setTimeout(() => {\n",
       "                element.innerHTML = originalHTML;\n",
       "                element.style = originalStyle;\n",
       "            }, 2000);\n",
       "        });\n",
       "    return false;\n",
       "}\n",
       "\n",
       "document.querySelectorAll('.fa-regular.fa-copy').forEach(function(element) {\n",
       "    const toggleableContent = element.closest('.sk-toggleable__content');\n",
       "    const paramPrefix = toggleableContent ? toggleableContent.dataset.paramPrefix : '';\n",
       "    const paramName = element.parentElement.nextElementSibling.textContent.trim();\n",
       "    const fullParamName = paramPrefix ? `${paramPrefix}${paramName}` : paramName;\n",
       "\n",
       "    element.setAttribute('title', fullParamName);\n",
       "});\n",
       "</script></body>"
      ],
      "text/plain": [
       "LogisticRegression(multi_class='ovr')"
      ]
     },
     "execution_count": 4,
     "metadata": {},
     "output_type": "execute_result"
    }
   ],
   "source": [
    "# trianing model\n",
    "model.fit(X_train,y_train)"
   ]
  },
  {
   "cell_type": "code",
   "execution_count": 5,
   "id": "8164a355",
   "metadata": {},
   "outputs": [],
   "source": [
    "y_pred=model.predict(X_test)"
   ]
  },
  {
   "cell_type": "code",
   "execution_count": 6,
   "id": "232a7ab0",
   "metadata": {},
   "outputs": [
    {
     "data": {
      "text/plain": [
       "array([[9.10641007e-02, 5.88918814e-01, 3.20017086e-01],\n",
       "       [7.74913438e-02, 8.83935792e-01, 3.85728639e-02],\n",
       "       [6.84424719e-01, 2.03486076e-01, 1.12089205e-01],\n",
       "       [1.43078246e-02, 9.01463818e-02, 8.95545794e-01],\n",
       "       [6.87563505e-02, 8.36639008e-01, 9.46046415e-02],\n",
       "       [1.08997130e-01, 3.07635489e-01, 5.83367380e-01],\n",
       "       [3.78574343e-01, 2.08257319e-01, 4.13168338e-01],\n",
       "       [3.14075303e-01, 1.75938154e-01, 5.09986543e-01],\n",
       "       [5.14661374e-01, 1.90320746e-01, 2.95017880e-01],\n",
       "       [5.97855686e-01, 3.02391035e-01, 9.97532791e-02],\n",
       "       [4.20049273e-02, 3.31576489e-01, 6.26418584e-01],\n",
       "       [4.86732760e-01, 1.04800924e-01, 4.08466316e-01],\n",
       "       [8.01128811e-01, 3.37464192e-02, 1.65124770e-01],\n",
       "       [8.98155592e-02, 6.97988466e-01, 2.12195975e-01],\n",
       "       [7.29031504e-02, 8.39118736e-01, 8.79781132e-02],\n",
       "       [5.10593601e-01, 2.09236547e-01, 2.80169852e-01],\n",
       "       [1.24309393e-01, 7.90830108e-01, 8.48604992e-02],\n",
       "       [3.42809146e-03, 3.71695693e-01, 6.24876216e-01],\n",
       "       [6.26590479e-01, 4.39019936e-02, 3.29507527e-01],\n",
       "       [6.49563261e-01, 8.84534639e-02, 2.61983276e-01],\n",
       "       [1.16765033e-02, 7.95959647e-01, 1.92363849e-01],\n",
       "       [4.53753138e-01, 2.50623287e-01, 2.95623575e-01],\n",
       "       [2.40740950e-01, 2.05763198e-01, 5.53495852e-01],\n",
       "       [6.39579000e-03, 7.31503954e-01, 2.62100256e-01],\n",
       "       [6.76660844e-01, 2.84383220e-01, 3.89559356e-02],\n",
       "       [3.71148740e-01, 6.05463464e-01, 2.33877961e-02],\n",
       "       [3.18791739e-01, 4.52638872e-01, 2.28569389e-01],\n",
       "       [6.83264935e-01, 2.38483654e-01, 7.82514108e-02],\n",
       "       [2.74166323e-02, 1.43214345e-01, 8.29369023e-01],\n",
       "       [3.13452745e-02, 2.67355409e-01, 7.01299316e-01],\n",
       "       [6.36361205e-01, 4.70420954e-03, 3.58934585e-01],\n",
       "       [1.11802984e-01, 8.56584718e-01, 3.16122976e-02],\n",
       "       [5.54936850e-01, 8.54945334e-02, 3.59568617e-01],\n",
       "       [4.30089916e-01, 4.61216810e-01, 1.08693274e-01],\n",
       "       [6.10388311e-01, 2.19498590e-02, 3.67661830e-01],\n",
       "       [3.65202955e-01, 2.54970426e-01, 3.79826619e-01],\n",
       "       [5.17847594e-01, 1.22615522e-01, 3.59536885e-01],\n",
       "       [3.71342880e-01, 1.87653441e-01, 4.41003679e-01],\n",
       "       [1.85286771e-01, 7.85599470e-01, 2.91137592e-02],\n",
       "       [6.31415838e-01, 9.52074152e-02, 2.73376746e-01],\n",
       "       [5.28078033e-01, 1.94451339e-01, 2.77470628e-01],\n",
       "       [6.63590705e-01, 3.11059056e-01, 2.53502394e-02],\n",
       "       [1.40133231e-01, 7.20527635e-01, 1.39339134e-01],\n",
       "       [3.69185424e-01, 3.55905370e-01, 2.74909206e-01],\n",
       "       [1.49832608e-01, 8.30007408e-01, 2.01599837e-02],\n",
       "       [1.41605987e-01, 7.84018371e-01, 7.43756415e-02],\n",
       "       [5.90748919e-01, 6.80943080e-02, 3.41156773e-01],\n",
       "       [5.83661012e-01, 3.42797503e-02, 3.82059237e-01],\n",
       "       [4.39585422e-01, 3.16615265e-01, 2.43799313e-01],\n",
       "       [1.20964482e-01, 2.00278405e-01, 6.78757113e-01],\n",
       "       [5.26433937e-02, 8.90745112e-01, 5.66114947e-02],\n",
       "       [3.58718918e-01, 2.12030573e-01, 4.29250509e-01],\n",
       "       [4.96421352e-01, 3.10637772e-01, 1.92940876e-01],\n",
       "       [1.35472804e-02, 4.50657682e-01, 5.35795037e-01],\n",
       "       [8.09114454e-02, 2.47955738e-01, 6.71132816e-01],\n",
       "       [6.22174098e-02, 2.05676534e-01, 7.32106056e-01],\n",
       "       [5.14191232e-01, 1.33262590e-01, 3.52546177e-01],\n",
       "       [3.05521313e-01, 6.26023274e-01, 6.84554129e-02],\n",
       "       [3.65370076e-01, 5.22682147e-01, 1.11947777e-01],\n",
       "       [5.71068871e-01, 6.20407962e-02, 3.66890333e-01],\n",
       "       [5.36079979e-01, 6.55321710e-02, 3.98387850e-01],\n",
       "       [9.59788779e-02, 4.03248882e-01, 5.00772240e-01],\n",
       "       [8.87690297e-01, 3.15944383e-02, 8.07152646e-02],\n",
       "       [2.03412642e-01, 1.14979049e-01, 6.81608308e-01],\n",
       "       [5.57515152e-01, 1.33761182e-02, 4.29108730e-01],\n",
       "       [4.58840447e-01, 4.82100072e-01, 5.90594806e-02],\n",
       "       [4.81171808e-02, 3.21519476e-02, 9.19730872e-01],\n",
       "       [3.25708756e-01, 4.78013548e-01, 1.96277696e-01],\n",
       "       [5.40247611e-01, 1.16419207e-01, 3.43333181e-01],\n",
       "       [5.36386527e-01, 3.85673611e-01, 7.79398622e-02],\n",
       "       [2.21596066e-02, 3.46678844e-01, 6.31161549e-01],\n",
       "       [4.28627579e-01, 1.21507533e-02, 5.59221668e-01],\n",
       "       [4.71903734e-01, 8.47807781e-03, 5.19618188e-01],\n",
       "       [1.17963630e-01, 8.13630355e-01, 6.84060144e-02],\n",
       "       [3.96334136e-01, 5.02474721e-01, 1.01191144e-01],\n",
       "       [8.67978500e-02, 2.72591977e-01, 6.40610173e-01],\n",
       "       [5.81642536e-02, 2.47409561e-01, 6.94426185e-01],\n",
       "       [1.97951878e-01, 1.42274833e-01, 6.59773289e-01],\n",
       "       [8.02340619e-02, 3.82856788e-01, 5.36909150e-01],\n",
       "       [3.11397858e-01, 1.26396625e-01, 5.62205517e-01],\n",
       "       [8.48684448e-01, 8.97797488e-03, 1.42337577e-01],\n",
       "       [4.57111836e-02, 6.01145463e-01, 3.53143353e-01],\n",
       "       [8.08918374e-01, 6.94084793e-02, 1.21673146e-01],\n",
       "       [2.11281357e-01, 6.26723599e-01, 1.61995043e-01],\n",
       "       [7.14742144e-02, 7.11657324e-02, 8.57360053e-01],\n",
       "       [5.40230277e-01, 1.08354385e-01, 3.51415338e-01],\n",
       "       [6.12532818e-02, 2.40244015e-01, 6.98502704e-01],\n",
       "       [3.31283112e-02, 3.56769215e-01, 6.10102473e-01],\n",
       "       [3.16490222e-01, 4.74052545e-01, 2.09457233e-01],\n",
       "       [2.53093621e-01, 6.30007429e-01, 1.16898950e-01],\n",
       "       [3.70165287e-01, 1.75963275e-01, 4.53871438e-01],\n",
       "       [6.86823266e-01, 2.99368474e-01, 1.38082607e-02],\n",
       "       [6.57638292e-01, 2.63653236e-01, 7.87084716e-02],\n",
       "       [6.12773199e-01, 1.67585941e-01, 2.19640860e-01],\n",
       "       [1.40037712e-01, 7.28897053e-01, 1.31065235e-01],\n",
       "       [7.67447235e-01, 6.26049499e-02, 1.69947815e-01],\n",
       "       [6.40580174e-01, 3.37021490e-01, 2.23983359e-02],\n",
       "       [5.54827084e-01, 1.92069117e-02, 4.25966004e-01],\n",
       "       [1.50713117e-02, 8.33269261e-01, 1.51659428e-01],\n",
       "       [4.92372944e-01, 2.50239056e-01, 2.57388000e-01],\n",
       "       [6.57050651e-01, 4.74862692e-03, 3.38200722e-01],\n",
       "       [2.39505343e-01, 6.57818693e-01, 1.02675964e-01],\n",
       "       [5.66800925e-01, 7.64508967e-03, 4.25553985e-01],\n",
       "       [1.97566899e-01, 5.76597693e-01, 2.25835409e-01],\n",
       "       [5.48623780e-01, 7.53151199e-02, 3.76061101e-01],\n",
       "       [5.99966021e-01, 9.33430174e-02, 3.06690961e-01],\n",
